v3.0 hex words addressed
00: 0200000000 0000000000 0000000000 0100000000 6000000000 0000018000 0000180000 0000000044
08: 0200000000 0000000000 0000000000 0000000000 0000000000 0000000000 0000000000 0000000000
10: 0200000000 0000000000 0000000000 0100000000 6000000000 0000018000 0000180000 0000000044
18: 0200000000 0000000000 0000000000 0000000000 0000000000 0000000000 0000000000 0000000000
20: 0200000000 0000000000 0000000000 0100000000 0002000000 0000000000 0000000000 0000000000
28: 0000000000 0000000000 0000000000 0000000000 0000000000 0000000000 0000000000 0000000000
30: 0200000000 0000000000 0000000000 0100000000 6000000000 0000018000 0000180000 0000000044
38: 0200000000 0000000000 0000000000 0000000000 0000000000 0000000000 0000000000 0000000000
40: 0200000000 0000000000 0000000000 0100000000 0080000000 0200000000 0000000000 0000000000
48: 0000000000 0000000000 0000000000 0000000000 0000000000 0000000000 0000000000 0000000000
50: 0200000000 0000000000 0000000000 0100000000 6000000000 0000018000 0000180000 0000600000
58: 0002800000 0001800000 0200018000 0000000000 0000000000 0000000000 0000000000 0000000000
60: 0200000000 0000000000 0000000000 0100000000 0200000000 0000000000 0000000000 0000000000
68: 0000000000 0000000000 0000000000 0000000000 0000000000 0000000000 0000000000 0000000000
70: 0200000000 0000000000 0000000000 0100000000 6000000000 1800018000 1800198000 1800198044
78: 00001980cc 00001801dc 02000003fc 0000000000 0000000000 0000000000 0000000000 0000000000
80: 0200000000 0000000000 0000000000 0100000000 00a0000000 0050000000 0048000000 0044000000
88: 0200000000 0000000000 0000000000 0000000000 0000000000 0000000000 0000000000 0000000000
90: 0200000000 0000000000 0000000000 0100000000 0600000000 0000000000 0000000000 0000000000
98: 0000000000 0000000000 0000000000 0000000000 0000000000 0000000000 0000000000 0000000000
a0: 0200000000 0000000000 0000000000 0100000000 6000000000 0000018000 0000180000 0000000044
a8: 0200000000 0000000000 0000000000 0000000000 0000000000 0000000000 0000000000 0000000000
b0: 0200000000 0000000000 0000000000 0100000000 6000000000 0000018000 0000180000 0000000044
b8: 0200000000 0000000000 0000000000 0000000000 0000000000 0000000000 0000000000 0000000000
c0: 0200000000 0000000000 0000000000 0100000000 6000000000 0000018000 0000180000 0000000044
c8: 0200000000 0000000000 0000000000 0000000000 0000000000 0000000000 0000000000 0000000000
d0: 0200000000 0000000000 0000000000 0100000000 6000000000 0000018000 0000180000 0000000044
d8: 0200000000 0000000000 0000000000 0000000000 0000000000 0000000000 0000000000 0000000000
e0: 0200000000 0000000000 0000000000 0100000000 0200000000 0000000000 0000000000 0440000000
e8: 0000000000 0000000000 0000000000 0000000000 0000000000 0000000000 0000000000 0000000000
f0: 0200000000 0000000000 0000000000 0100000000 0000040000 0080000000 0000000000 0000004000
f8: 0000002000 0000001400 0200020800 0000000000 0000000000 0000000000 0000000000 0000000000
