v3.0 hex words addressed
00: e0000000 10002002 08002000 46004000 00000000 01800000 00600000 00181800
08: 40040000 00000001 00000000 00000000 00000000 00000000 00000000 00000000
10: e0000000 10002002 08002000 46004000 00000000 01800000 00600000 00181800
18: 40040000 00000001 00000000 00000000 00000000 00000000 00000000 00000000
20: e0000000 10002002 08002000 46004000 04000000 00000001 00000000 00000000
28: 00000000 00000000 00000000 00000000 00000000 00000000 00000000 00000000
30: e0000000 10002002 08002000 46004000 00000000 01800000 00600000 00181800
38: 40040000 00000001 00000000 00000000 00000000 00000000 00000000 00000000
40: e0000000 10002002 08002000 46004000 10000004 40002008 00000001 00000000
48: 00000000 00000000 00000000 00000000 00000000 00000000 00000000 00000000
50: e0000000 10002002 08002000 46004000 00000000 01800000 00600000 00001800
58: 00400000 00200000 40019800 00000001 00000000 00000000 00000000 00000000
60: e0000000 10002002 08002000 46004000 401807e0 00000001 00000000 00000000
68: 00000000 00000000 00000000 00000000 00000000 00000000 00000000 00000000
70: e0000000 10002002 08002000 46004000 00000000 01800000 01e00000 01f81800
78: 01e01c80 00601a40 40001920 00000001 00000000 00000000 00000000 00000000
80: e0000000 10002002 08002000 46004000 10000000 10002008 10002008 10002008
88: 40002008 00000001 00000000 00000000 00000000 00000000 00000000 00000000
90: e0000000 10002002 08002000 46004000 40000000 00000001 00000000 00000000
98: 00000000 00000000 00000000 00000000 00000000 00000000 00000000 00000000
a0: e0000000 10002002 08002000 46004000 00000000 01800000 00600000 00181800
a8: 40040000 00000001 00000000 00000000 00000000 00000000 00000000 00000000
b0: e0000000 10002002 08002000 46004000 00000000 01800000 00600000 00181800
b8: 40040000 00000001 00000000 00000000 00000000 00000000 00000000 00000000
c0: e0000000 10002002 08002000 46004000 00000000 01800000 00600000 00181800
c8: 40040000 00000001 00000000 00000000 00000000 00000000 00000000 00000000
d0: e0000000 10002002 08002000 46004000 00000000 01800000 00600000 00181800
d8: 40040000 00000001 00000000 00000000 00000000 00000000 00000000 00000000
e0: e0000000 10002002 08002000 46004000 40000000 00000001 00000000 00000000
e8: 00000000 00000000 00000000 00000000 00000000 00000000 00000000 00000000
f0: e0000000 10002002 08002000 46004000 40000000 00000000 00000010 10000000
f8: 00002000 00600000 40001800 00000001 00000000 00000000 00000000 00000000
